M  error
2.0  0.07048700881896608
6.0  0.007330778491797418
10.0  0.0026255497823847174
14.0  0.0013376755167405774
18.0  8.087412807441519E-4
22.0  5.41229708968638E-4
26.0  3.87442179994979E-4
30.0  2.9098127566529186E-4
34.0  2.2652646620191508E-4
38.0  1.8133766432515408E-4
42.0  1.4843657403296184E-4
46.0  1.237405518508261E-4
50.0  1.0473181437098411E-4
54.0  8.978917509494533E-5
58.0  7.78304970783239E-5
62.0  6.811108073612182E-5
66.0  6.0104841523744845E-5
70.0  5.3431585451568786E-5
74.0  4.7811020959631634E-5
78.0  4.303283618078968E-5
82.0  3.893673352406424E-5
86.0  3.539880716407762E-5
90.0  3.2322060753764426E-5
94.0  2.9629687310683828E-5
98.0  2.726022855026322E-5
102.0  2.5164036099978304E-5
106.0  2.3300649269142326E-5
110.0  2.1636827788218405E-5
114.0  2.0145059003606747E-5
118.0  1.8802413122687156E-5
122.0  1.7589656759908756E-5
126.0  1.6490560268422882E-5
130.0  1.5491351904595163E-5
134.0  1.4580284301568547E-5
138.0  1.3747287604060077E-5
142.0  1.2983690008128157E-5
146.0  1.2281991149110105E-5
150.0  1.1635677212629147E-5
154.0  1.1039069216067787E-5
158.0  1.0487197831698936E-5
162.0  9.97569956695532E-6
166.0  9.500730247635758E-6
170.0  9.05889257851733E-6
174.0  8.647175221199177E-6
178.0  8.262901350697405E-6
182.0  7.90368503145178E-6
186.0  7.567394097018898E-6
190.0  7.252118432554688E-6
194.0  6.956142794334319E-6
198.0  6.67792342934348E-6
202.0  6.416067903747269E-6
206.0  6.1693176480748235E-6
210.0  5.936532805228545E-6
214.0  5.716679042588879E-6
218.0  5.508816042332221E-6
222.0  5.312087431041945E-6
226.0  5.125711945663802E-6
230.0  4.948975660279409E-6
234.0  4.7812251467993505E-6
238.0  4.6218614202508945E-6
242.0  4.470334584505409E-6
246.0  4.326139089405601E-6
250.0  4.188809498373303E-6
254.0  4.057916733080091E-6
258.0  3.933064719574553E-6
262.0  3.8138873853510447E-6
266.0  3.7000459740532676E-6
270.0  3.5912266330706544E-6
274.0  3.4871382542656093E-6
278.0  3.387510518870762E-6
282.0  3.292092141893299E-6
286.0  3.2006492878267068E-6
290.0  3.1129641366867133E-6
294.0  3.0288335840511493E-6
298.0  2.9480680646676305E-6
302.0  2.8704904838638967E-6
306.0  2.7959352454365316E-6
310.0  2.7242473676913903E-6
314.0  2.655281676422483E-6
318.0  2.5889020719427336E-6
322.0  2.5249808518479355E-6
326.0  2.463398103946801E-6
330.0  2.4040411374937065E-6
334.0  2.3468039674900965E-6
338.0  2.291586844616056E-6
342.0  2.2382958183575496E-6
346.0  2.186842337770223E-6
350.0  2.137142881886156E-6
354.0  2.0891186218729985E-6
358.0  2.0426951079510758E-6
362.0  1.9978019824007376E-6
366.0  1.9543727075577166E-6
370.0  1.9123443270041562E-6
374.0  1.8716572293131506E-6
378.0  1.8322549421023737E-6
382.0  1.7940839356356264E-6
386.0  1.7570934359723012E-6
390.0  1.7212352610984638E-6
394.0  1.6864636641633624E-6
398.0  1.652735181156828E-6
402.0  1.6200085034556722E-6
406.0  1.5882443454851014E-6
410.0  1.5574053306988134E-6
414.0  1.5274558770039803E-6
418.0  1.4983620977293555E-6
422.0  1.4700917030374683E-6
426.0  1.4426139165468754E-6
430.0  1.4158993800750252E-6
434.0  1.3899200864697647E-6
438.0  1.3646493022267947E-6
442.0  1.340061492993705E-6
446.0  1.3161322697241573E-6
450.0  1.292838320732237E-6
454.0  1.2701573554041445E-6
458.0  1.2480680530169153E-6
462.0  1.2265500127783824E-6
466.0  1.2055837038671413E-6
470.0  1.1851504253534983E-6
474.0  1.1652322601252152E-6
478.0  1.1458120373619707E-6
482.0  1.126873298118447E-6
486.0  1.1084002561334572E-6
490.0  1.090377766077566E-6
494.0  1.0727912956864927E-6
498.0  1.05562689101113E-6
502.0  1.0388711561004627E-6
506.0  1.0225112182515872E-6
510.0  1.0065347078036524E-6
514.0  9.909297379318005E-7
518.0  9.7568487633648E-7
522.0  9.60789126591699E-7
526.0  9.462319111586126E-7
530.0  9.320030478487951E-7
534.0  9.180927357244073E-7
538.0  9.044915354472494E-7
542.0  8.911903576214186E-7
546.0  8.781804411439609E-7
550.0  8.654533443230861E-7
554.0  8.530009294460683E-7
558.0  8.408153469030566E-7
562.0  8.288890291918705E-7
566.0  8.172146702678518E-7
570.0  8.057852249887532E-7
574.0  7.945938901299243E-7
578.0  7.83634095946617E-7
582.0  7.728994997346916E-7
586.0  7.623839752834982E-7
590.0  7.520815978878659E-7
594.0  7.419866491220617E-7
598.0  7.320935968557762E-7
602.0  7.223970920344769E-7
606.0  7.128919634613595E-7
610.0  7.035732073612522E-7
614.0  6.944359832727898E-7
618.0  6.854756058327638E-7
622.0  6.766875408903417E-7
626.0  6.680673995118624E-7
630.0  6.596109293210972E-7
634.0  6.513140126118699E-7
638.0  6.431726617961431E-7
642.0  6.351830120765456E-7
646.0  6.273413148960572E-7
650.0  6.196439440442347E-7
654.0  6.120873754511535E-7
658.0  6.046681981786151E-7
662.0  5.973831015415598E-7
666.0  5.902288731096661E-7
670.0  5.832023955987253E-7
674.0  5.763006484249544E-7
678.0  5.695206956035648E-7
682.0  5.628596881912529E-7
686.0  5.563148601783752E-7
690.0  5.498835247141898E-7
694.0  5.43563073218678E-7
698.0  5.373509713857416E-7
702.0  5.312447570737788E-7
706.0  5.252420353096809E-7
710.0  5.193404817305236E-7
714.0  5.13537837143474E-7
718.0  5.078319026408096E-7
722.0  5.022205411542302E-7
726.0  4.967016723478324E-7
730.0  4.912732770590011E-7
734.0  4.859333863072024E-7
738.0  4.806800890655438E-7
742.0  4.7551152004832176E-7
746.0  4.7042587025813987E-7
750.0  4.6542137221994295E-7
754.0  4.6049630963995725E-7
758.0  4.556490120766199E-7
762.0  4.5087784916741924E-7
766.0  4.461812348477423E-7
770.0  4.415576234650942E-7
774.0  4.3700551144443267E-7
778.0  4.3252343095989687E-7
782.0  4.281099533764987E-7
786.0  4.237636851422977E-7
790.0  4.194832698978246E-7
794.0  4.1526738203678804E-7
798.0  4.1111473270127874E-7
802.0  4.0702406278736447E-7
806.0  4.0299414438838E-7
810.0  3.9902378079492706E-7
814.0  3.951118054956737E-7
818.0  3.912570767372614E-7
822.0  3.8745848562893315E-7
826.0  3.8371494670563777E-7
830.0  3.800253972618961E-7
834.0  3.763888114516334E-7
838.0  3.7280417497509433E-7
842.0  3.692705049518352E-7
846.0  3.657868385964491E-7
850.0  3.623522382145694E-7
854.0  3.5896578609584395E-7
858.0  3.5562658629029187E-7
862.0  3.5233376360910285E-7
866.0  3.4908646462383786E-7
870.0  3.458838512271356E-7
874.0  3.4272511040267517E-7
878.0  3.396094433449903E-7
882.0  3.3653606867911634E-7
886.0  3.33504227234549E-7
890.0  3.3051317183119266E-7
894.0  3.2756217394069864E-7
898.0  3.246505244636211E-7
902.0  3.2177752351536526E-7
906.0  3.189424917504624E-7
910.0  3.1614476325714236E-7
914.0  3.1338368589040044E-7
918.0  3.106586221601759E-7
922.0  3.0796894856521817E-7
926.0  3.053140571473989E-7
930.0  3.0269334538868264E-7
934.0  3.00106235751052E-7
938.0  2.9755215014137804E-7
942.0  2.950305318938362E-7
946.0  2.9254083278029697E-7
950.0  2.900825173401955E-7
954.0  2.8765505744043907E-7
958.0  2.8525794204536936E-7
962.0  2.828906658924879E-7
966.0  2.8055273526561564E-7
970.0  2.782436686610268E-7
974.0  2.7596299267962365E-7
978.0  2.737102414718251E-7
982.0  2.714849637319716E-7
986.0  2.692867123732512E-7
990.0  2.6711505507481803E-7
994.0  2.6496956062604937E-7
998.0  2.6284981147206565E-7
1002.0  2.607553993838607E-7
1006.0  2.5868591813082986E-7
1010.0  2.566409769144684E-7
1014.0  2.54620189821253E-7
1018.0  2.5262317715490923E-7
1022.0  2.5064956343801015E-7
1026.0  2.4869899117874184E-7
1030.0  2.4677109833337596E-7
1034.0  2.448655364029051E-7
1038.0  2.4298196255045923E-7
1042.0  2.4112003804699356E-7
1046.0  2.392794345995597E-7
1050.0  2.3745982347112005E-7
1054.0  2.3566089180082628E-7
1058.0  2.3388232539556242E-7
1062.0  2.3212381783377367E-7
1066.0  2.3038506624661892E-7
1070.0  2.2866578164304485E-7
1074.0  2.2696566948088304E-7
1078.0  2.2528444842961903E-7
1082.0  2.236218374918053E-7
1086.0  2.2197756444075623E-7
1090.0  2.203513593812545E-7
1094.0  2.1874296107782243E-7
1098.0  2.1715210818396002E-7
1102.0  2.1557854723575076E-7
1106.0  2.140220278779026E-7
1110.0  2.1248230586135008E-7
1114.0  2.1095913915747389E-7
1118.0  2.0945229273205968E-7
1122.0  2.0796153321622768E-7
1126.0  2.0648663257016864E-7
1130.0  2.0502736997052295E-7
1134.0  2.0358351748850367E-7
1138.0  2.0215486551400375E-7
1142.0  2.007411989968233E-7
1146.0  1.9934230965912292E-7
1150.0  1.9795799144350923E-7
1154.0  1.965880441767709E-7
1158.0  1.9523226812978578E-7
1162.0  1.938904701237476E-7
1166.0  1.9256245631371627E-7
1170.0  1.9124803962711212E-7
1174.0  1.8994703576691307E-7
1178.0  1.8865926398881072E-7
1182.0  1.8738454277134053E-7
1186.0  1.8612269714335383E-7
1190.0  1.848735552423264E-7
1194.0  1.8363694531675634E-7
1198.0  1.8241270205443527E-7
1202.0  1.8120066103133325E-7
1206.0  1.8000065948875488E-7
1210.0  1.7881254010809755E-7
1214.0  1.7763614357235724E-7
1218.0  1.7647132011244793E-7
1222.0  1.7531791429714616E-7
1226.0  1.7417578201950334E-7
1230.0  1.7304477406554497E-7
1234.0  1.719247438858318E-7
1238.0  1.7081555492293177E-7
1242.0  1.6971706640056539E-7
1246.0  1.6862913976289917E-7
1250.0  1.67551638785568E-7
1254.0  1.6648443479372332E-7
1258.0  1.6542739189606692E-7
1262.0  1.6438038674682076E-7
1266.0  1.6334328867273484E-7
1270.0  1.623159734398527E-7
1274.0  1.6129832125511E-7
1278.0  1.602902083286395E-7
1282.0  1.592915186421351E-7
1286.0  1.5830213240253244E-7
1290.0  1.5732193625606072E-7
1294.0  1.5635081396236927E-7
1298.0  1.553886583849362E-7
1302.0  1.5443535661407992E-7
1306.0  1.5349079784954256E-7
1310.0  1.5255488072796197E-7
1314.0  1.5162749789077168E-7
1318.0  1.5070854542109657E-7
1322.0  1.4979792217761911E-7
1326.0  1.4889552535368722E-7
1330.0  1.4800126135749991E-7
1334.0  1.4711502749342742E-7
1338.0  1.4623673083580258E-7
1342.0  1.4536627546135605E-7
1346.0  1.4450357044282214E-7
1350.0  1.436485203010207E-7
1354.0  1.4280103832753355E-7
1358.0  1.4196103392816184E-7
1362.0  1.4112841961733125E-7
1366.0  1.4030310935275736E-7
1370.0  1.3948501664806656E-7
1374.0  1.3867405923573273E-7
1378.0  1.378701536269844E-7
1382.0  1.3707321666611705E-7
1386.0  1.3628317208080887E-7
1390.0  1.354999357161546E-7
1394.0  1.347234337423231E-7
1398.0  1.339535867783681E-7
1402.0  1.3319032010628007E-7
1406.0  1.324335580088487E-7
1410.0  1.316832280995328E-7
1414.0  1.3093925566032283E-7
1418.0  1.3020157196841353E-7
1422.0  1.2947010319397378E-7
1426.0  1.2874478172442139E-7
1430.0  1.2802553728263888E-7
1434.0  1.2731230725204767E-7
1438.0  1.2660501769179433E-7
1442.0  1.2590360443098803E-7
1446.0  1.2520800696247392E-7
1450.0  1.2451815667446908E-7
1454.0  1.2383399183857335E-7
1458.0  1.2315545150354268E-7
1462.0  1.2248247072133012E-7
1466.0  1.218149928705614E-7
1470.0  1.2115295544568028E-7
1474.0  1.2049630171429015E-7
1478.0  1.1984497194639232E-7
1482.0  1.1919890796630028E-7
1486.0  1.185580538187736E-7
1490.0  1.1792235465879486E-7
1494.0  1.1729175541930204E-7
1498.0  1.1666620103323311E-7
1502.0  1.1604563709965987E-7
1506.0  1.1543001121605556E-7
1510.0  1.1481927120193802E-7
1514.0  1.1421336587602582E-7
1518.0  1.136122433909037E-7
1522.0  1.1301585511880319E-7
1526.0  1.1242414954537594E-7
1530.0  1.118370791530765E-7
1534.0  1.1125459686844863E-7
1538.0  1.1067664928976484E-7
1542.0  1.1010319733717466E-7
1546.0  1.0953418994041897E-7
1550.0  1.0896958024808612E-7
1554.0  1.0840932662681269E-7
1558.0  1.0785338244723164E-7
1562.0  1.0730170441064502E-7
1566.0  1.0675424699790881E-7
1570.0  1.0621096857565959E-7
1574.0  1.056718300640469E-7
1578.0  1.0513678083690081E-7
1582.0  1.0460578880877591E-7
1586.0  1.0407880779439438E-7
1590.0  1.0355579960208416E-7
1594.0  1.0303672237643724E-7
1598.0  1.0252154059031682E-7
1602.0  1.0201021338751559E-7
1606.0  1.0150269835751402E-7
1610.0  1.0099896552429044E-7
1614.0  1.0049896992381235E-7
1618.0  1.0000268035881277E-7
1622.0  9.951005575103977E-8
1626.0  9.902106545833789E-8
1630.0  9.853566773632139E-8
1634.0  9.805383194283479E-8
1638.0  9.757552121847368E-8
1642.0  9.710070170143581E-8
1646.0  9.662933897480741E-8
1650.0  9.616140184132149E-8
1654.0  9.569685477384127E-8
1658.0  9.52356645766983E-8
1662.0  9.477780271716085E-8
1666.0  9.432323122560149E-8
1670.0  9.387192556609136E-8
1674.0  9.342385187682822E-8
1678.0  9.297897640703212E-8
1682.0  9.25372697357929E-8
1686.0  9.209870732718173E-8
1690.0  9.166325243281648E-8
1694.0  9.123087829632226E-8
1698.0  9.080155838336879E-8
1702.0  9.037525816601999E-8
1706.0  8.995195699412761E-8
1710.0  8.953161911851026E-8
1714.0  8.911422377799738E-8
1718.0  8.869974055247809E-8
1722.0  8.82881425745552E-8
1726.0  8.787940186660848E-8
1730.0  8.747349189430764E-8
1734.0  8.707038823274615E-8
1738.0  8.667006545781675E-8
1742.0  8.627249881154597E-8
1746.0  8.587765720768914E-8
1750.0  8.548552121734332E-8
1754.0  8.509606685969118E-8
1758.0  8.470926715631322E-8
1762.0  8.432509834843671E-8
1766.0  8.394353911977959E-8
1770.0  8.356456082658781E-8
1774.0  8.318814437302535E-8
1778.0  8.281426544520798E-8
1782.0  8.244290017334066E-8
1786.0  8.207402979465428E-8
1790.0  8.170762844095236E-8
1794.0  8.134367446288593E-8
1798.0  8.098214832052975E-8
1802.0  8.062302381262043E-8
1806.0  8.026628750545939E-8
1810.0  7.991191075529258E-8
1814.0  7.955987468832859E-8
1818.0  7.921016298428896E-8
1822.0  7.886275088520023E-8
1826.0  7.851761885113717E-8
1830.0  7.817474523275081E-8
1834.0  7.783411604123103E-8
1838.0  7.749570829496122E-8
1842.0  7.715950134379312E-8
1846.0  7.682547664700223E-8
1850.0  7.649361821737699E-8
1854.0  7.616390418352381E-8
1858.0  7.583631933538726E-8
1862.0  7.55108398031723E-8
1866.0  7.518745392953718E-8
1870.0  7.486614239660128E-8
1874.0  7.454688266683718E-8
1878.0  7.422966341597004E-8
1882.0  7.391446232851706E-8
1886.0  7.360126608180195E-8
1890.0  7.32900559130556E-8
1894.0  7.298081461382111E-8
1898.0  7.267352664097615E-8
1902.0  7.236817922695593E-8
1906.0  7.206474672560859E-8
1910.0  7.176322247559597E-8
1914.0  7.146358305121225E-8
1918.0  7.116581901556174E-8
1922.0  7.086991193894221E-8
1926.0  7.057584638925363E-8
1930.0  7.028360649030674E-8
1934.0  6.999317925249215E-8
1938.0  6.970454835553141E-8
1942.0  6.941769814527987E-8
1946.0  6.913261629826195E-8
1950.0  6.88492868272661E-8
1954.0  6.856769452223688E-8
1958.0  6.828782539436418E-8
1962.0  6.800966800835084E-8
1966.0  6.773320504471769E-8
1970.0  6.745842762168053E-8
1974.0  6.71853157552249E-8
1978.0  6.691385889823209E-8
1982.0  6.664404728073947E-8
1986.0  6.637586236202253E-8
1990.0  6.61092917075834E-8
1994.0  6.584432388212491E-8
1998.0  6.558094844955065E-8
2002.0  6.531914786833681E-8
2006.0  6.505891214647619E-8
2010.0  6.48002287384486E-8
2014.0  6.454308520975616E-8
2018.0  6.428746979203481E-8
2022.0  6.403337005078669E-8
2026.0  6.378077122004555E-8
2030.0  6.352966797074089E-8
2034.0  6.328004331646042E-8
2038.0  6.303188448963937E-8
2042.0  6.278518505098418E-8
2046.0  6.253993134475166E-8
2050.0  6.229611049235473E-8
2054.0  6.205371383405378E-8
2058.0  6.181272937944016E-8
2062.0  6.157314358379296E-8
2066.0  6.133495089599705E-8
2070.0  6.109813732724234E-8
2074.0  6.086269088712015E-8
2078.0  6.062860413713622E-8
2082.0  6.039586342154735E-8
2086.0  6.016446407741682E-8
2090.0  5.993438823015396E-8
2094.0  5.970563143886665E-8
2098.0  5.947818348950307E-8
2102.0  5.925202906098548E-8
2106.0  5.902716415651099E-8
2110.0  5.8803576119537126E-8
2114.0  5.858125773361422E-8
2118.0  5.836019467686526E-8
2122.0  5.814038350759887E-8
2126.0  5.792181012598263E-8
2130.0  5.770447153441438E-8
2134.0  5.748834619456744E-8
2138.0  5.727343765915549E-8
2142.0  5.705973327163605E-8
2146.0  5.68472187101321E-8
2150.0  5.663588964477384E-8
2154.0  5.642573985831234E-8
2158.0  5.621675469580367E-8
2162.0  5.6008929605333435E-8
2166.0  5.580225603818434E-8
2170.0  5.5596722781103836E-8
2174.0  5.539232372786529E-8
2178.0  5.5189048775439176E-8
2182.0  5.49868892640859E-8
2186.0  5.478584252927021E-8
2190.0  5.4585892472758246E-8
2194.0  5.4387037762282375E-8
2198.0  5.4189267295612353E-8
2202.0  5.39925728570978E-8
2206.0  5.379694756335596E-8
2210.0  5.360238430895947E-8
2214.0  5.3408873212923424E-8
2218.0  5.3216410278444926E-8
2222.0  5.302498262693689E-8
2226.0  5.283458803795327E-8
2230.0  5.264521707459835E-8
2234.0  5.245686185428866E-8
2238.0  5.2269517158975987E-8
2242.0  5.208317366278692E-8
2246.0  5.189782237291496E-8
2250.0  5.171346251220399E-8
2254.0  5.1530083089446066E-8
2258.0  5.134767144809871E-8
2262.0  5.116623325029934E-8
2266.0  5.0985751731680296E-8
2270.0  5.0806227225308476E-8
2274.0  5.062764607544068E-8
2278.0  5.045000461834093E-8
2282.0  5.0273296525737976E-8
2286.0  5.00975159134498E-8
2290.0  4.992265767445048E-8
2294.0  4.974870948526444E-8
2298.0  4.957566990260176E-8
2302.0  4.94035330422804E-8
2306.0  4.9232291687850704E-8
2310.0  4.9061937512639986E-8
2314.0  4.889246441042161E-8
2318.0  4.872386993870492E-8
2322.0  4.855614710308487E-8
2326.0  4.838928846506718E-8
2330.0  4.8223286031046086E-8
2334.0  4.805813913488777E-8
2338.0  4.789383578618356E-8
2342.0  4.773037831640181E-8
2346.0  4.756775440206695E-8
2350.0  4.740595860308616E-8
2354.0  4.7244986145500434E-8
2358.0  4.708483447579681E-8
2362.0  4.692549349094577E-8
2366.0  4.676696374605882E-8
2370.0  4.660923291766039E-8
2374.0  4.645229989552746E-8
2378.0  4.629615646400964E-8
2382.0  4.6140801290839306E-8
2386.0  4.5986224939120746E-8
2390.0  4.5832426742720145E-8
2394.0  4.567939659860798E-8
2398.0  4.552713361860583E-8
2402.0  4.537562803275108E-8
2406.0  4.522487628833005E-8
2410.0  4.5074878940454255E-8
2414.0  4.4925623110536606E-8
2418.0  4.4777108465510196E-8
2422.0  4.462933078652753E-8
2426.0  4.448227985953679E-8
2430.0  4.433595868214013E-8
2434.0  4.419035459779508E-8
2438.0  4.404547016001459E-8
2442.0  4.390129282327848E-8
2446.0  4.375782680643425E-8
2450.0  4.361505889782791E-8
2454.0  4.347299109586089E-8
2458.0  4.3331616184083543E-8
2462.0  4.3190929277514556E-8
2466.0  4.3050925713217225E-8
2470.0  4.291160349279011E-8
2474.0  4.2772955066716634E-8
2478.0  4.2634978103528454E-8
2482.0  4.249766683006584E-8
2486.0  4.2361017471570506E-8
2490.0  4.222502680839568E-8
2494.0  4.208969250907302E-8
2498.0  4.1955005691818315E-8
